1755612443045 0.0005333333333333334 1
1755615883942 0.0007703703703703704 2
1755619345414 0.0007111111111111111 3
1755622674958 0.0006518518518518518 4
1755626062479 0.0005925925925925926 5
1755629486969 0.0005333333333333334 6
1755632799052 0.0004740740740740741 7
1755636086057 0.0004148148148148148 8
1755639373527 0.00035555555555555557 9
1755642669124 0.0002962962962962963 10
1755645956534 0.00023703703703703704 11
1755649246395 0.00017777777777777779 12
1755652531367 0.00011851851851851852 13
1755655828618 5.925925925925926e-05 14
1755659276958 0.0 15
