1755612443045 3.0260823692969883 1
1755615883942 2.4564394179278124 2
1755619345414 2.3035376430932257 3
1755622674958 2.22604923518103 4
1755626062479 2.176585520904398 5
1755629486969 2.139900612078152 6
1755632799052 2.110604738838562 7
1755636086057 2.0858782225209316 8
1755639373527 2.0626063108324697 9
1755642669124 2.041054505096341 10
1755645956534 2.020491210661772 11
1755649246395 1.9996724750167176 12
1755652531367 1.9800572274362487 13
1755655828618 1.9600929551200665 14
1755659276958 1.9431958060852617 15
